[sj.jpg]
filters=finetune2=1,0.000000,0.000000,0.000000,00000000,-0.005848;radsat=1,0.500000,0.503333,0.625731,0.000000;
moddate=1c82306ee820d101
width=410
height=300
textactive=0
[sf.jpg]
filters=enhance=1;autolight=1;finetune2=1,0.000000,0.000000,0.075789,00000000,0.543860;dir_tint=1,0.500000,0.500000,0.491228,0.175439,ffffffff,0;Soften=1,100.000000,43.274853;
moddate=4bcee9bbe820d101
width=410
height=300
textactive=0
[sd.jpg]
filters=finetune2=1,0.000000,0.000000,0.016842,00000000,0.076023;Soften=1,52.046783,79.532166;
moddate=32c243ece820d101
width=410
height=300
textactive=0
